15:05:40  39,38  36,69  55,06
15:05:45  38,94  36,56  54,94
15:05:50  38,62  36,44  54,94
15:05:55  38,31  36,31  54,94
15:06:00  38,12  36,31  54,94
15:06:05  37,94  36,19  54,94
15:06:10  37,81  36,19  54,94
15:06:15  37,69  36,19  54,94
15:06:20  37,69  36,19  54,94
15:06:25  37,56  36,19  54,94
15:06:30  37,56  36,19  54,94
15:06:35  37,56  36,19  54,94
15:06:41  37,56  36,19  54,94
15:06:46  37,56  36,31  54,94
15:06:51  37,56  36,31  54,94
15:06:56  37,56  36,31  54,94
15:07:01  37,56  36,31  54,94
15:07:06  37,56  36,31  54,94
15:07:11  37,56  36,31  54,94
15:07:16  37,56  36,31  54,94
15:07:21  37,44  36,19  54,94
15:07:26  37,44  36,19  54,94
15:07:31  37,31  36,19  54,94
15:07:36  37,31  36,06  54,94
15:07:41  37,19  36,06  54,94
15:07:46  37,19  36,06  54,94
15:07:51  37,19  36,06  54,94
15:07:56  37,06  35,94  54,94
15:08:01  37,06  35,94  54,94
15:08:07  36,94  35,94  54,94
15:08:12  36,94  35,94  54,94
15:08:17  36,94  35,94  54,94
15:08:22  36,81  35,94  54,94
15:08:27  36,81  35,81  54,94
15:13:38  36,69  35,69  54,81
15:13:43  36,69  35,69  54,81
15:13:48  36,69  35,69  54,81
15:13:53  36,81  35,69  54,81
15:13:58  36,81  35,69  54,81
15:14:03  36,81  35,69  54,81
15:14:08  36,94  35,81  54,81
15:14:13  36,94  35,81  54,81
15:14:18  37,06  35,81  54,81
15:14:23  37,06  35,81  54,81
15:14:29  37,06  35,81  54,81
15:14:34  37,19  35,81  54,81
15:14:39  37,19  35,81  54,81
15:14:44  37,56  35,62  54,81
15:14:49  37,31  35,62  54,81
15:14:54  38,44  35,50  54,81
15:14:59  40,12  35,69  54,81
15:15:04  41,56  36,06  54,81
15:15:09  42,69  36,44  54,81
15:15:15  43,56  36,81  54,81
15:15:20  44,81  37,12  54,81
15:15:25  45,19  37,12  54,81
15:15:30  45,44  37,25  54,81
15:15:35  45,62  37,25  54,81
15:15:40  45,88  37,38  54,81
15:15:45  46,06  37,50  54,81
15:15:50  46,25  37,50  54,81
15:15:55  46,38  37,62  54,81
15:16:00  46,56  37,62  54,81
15:16:05  46,69  37,81  54,81
15:16:10  46,81  37,81  54,81
15:16:16  46,94  37,94  54,81
15:16:21  47,06  37,94  54,81
15:16:26  47,19  38,06  54,81
15:16:31  47,19  38,06  54,81
15:16:36  47,38  38,19  54,81
15:16:41  47,38  38,19  54,81
15:16:46  47,50  38,19  54,81
15:16:51  47,50  38,31  54,81
15:16:56  47,62  38,31  54,81
15:17:01  47,62  38,31  54,81
15:17:06  47,19  38,31  54,69
15:17:11  46,19  38,31  54,69
15:17:16  44,94  38,06  54,69
15:17:21  43,69  37,75  54,69
15:17:26  42,50  37,44  54,69
15:17:31  41,44  37,12  54,69
15:17:36  40,56  36,81  54,69
15:17:41  39,75  36,50  54,69
15:17:47  39,12  36,25  54,69
15:17:52  38,62  36,06  54,69
15:17:57  38,19  35,94  54,69
15:18:02  37,81  35,81  54,69
15:18:07  37,56  35,69  54,69
15:18:12  37,31  35,69  54,69
15:18:17  37,12  35,56  54,69
15:18:22  37,00  35,56  54,69
15:18:27  37,00  35,56  54,69
15:18:32  36,88  35,56  54,69
15:18:37  36,88  35,56  54,69
15:18:42  36,75  35,56  54,69
15:18:47  36,75  35,56  54,69
15:18:52  36,75  35,56  54,69
15:18:57  36,75  35,56  54,69
15:19:02  36,75  35,56  54,69
15:19:08  36,75  35,56  54,69
15:19:13  36,75  35,56  54,69
15:19:18  36,75  35,56  54,69
15:19:23  36,75  35,56  54,69
15:19:28  36,62  35,44  54,69
15:19:33  36,50  35,31  54,69
15:19:38  36,50  35,31  54,69
15:19:43  36,38  35,31  54,69
15:19:48  36,38  35,19  54,69
15:19:53  36,25  35,19  54,69
15:19:58  36,25  35,06  54,69
15:20:03  36,25  35,06  54,69
15:20:08  36,12  35,06  54,69
15:20:13  36,12  35,06  54,69
15:20:18  36,00  35,06  54,69
15:20:23  36,00  35,06  54,69
15:20:28  36,00  34,94  54,69
15:20:34  35,88  34,94  54,69
15:20:39  35,88  34,94  54,69
15:20:44  35,88  34,94  54,69
15:20:49  35,88  34,94  54,69
15:20:54  35,75  34,94  54,69
15:20:59  35,75  34,94  54,69
15:21:04  35,75  34,94  54,69
15:21:09  35,75  34,94  54,69
15:21:15  35,62  34,94  54,69
15:21:20  35,62  34,94  54,69
15:21:25  35,62  34,94  54,69
15:21:30  35,81  34,94  54,69
15:21:35  36,38  36,50  54,69
15:21:40  39,31  38,06  54,69
15:21:45  43,12  38,62  54,56
15:21:50  46,06  39,69  54,56
15:21:55  49,44  41,56  54,56
15:22:00  52,75  43,31  54,56
15:22:05  55,12  45,31  54,56
15:22:10  57,25  47,38  54,56
15:22:15  59,12  49,06  54,56
15:22:20  60,69  50,50  54,44
15:22:26  62,06  51,88  54,44
15:22:31  63,31  53,06  54,44
15:22:36  64,44  54,12  54,44
15:22:41  65,44  55,12  54,44
15:22:46  66,38  56,00  54,44
15:22:51  66,88  56,12  54,44
15:22:56  65,12  54,00  54,56
15:23:01  61,75  51,69  54,56
15:23:06  58,06  49,44  54,69
15:23:11  54,69  47,50  54,69
15:23:16  51,69  45,75  54,81
15:23:21  49,06  44,25  54,81
15:23:26  46,88  42,94  55,00
15:23:31  45,06  41,81  55,00
15:23:36  43,50  40,88  55,19
15:23:41  42,19  40,06  55,19
15:23:46  41,19  39,44  55,31
15:23:52  40,31  38,88  55,44
15:23:57  39,62  38,38  55,44
15:24:02  39,06  37,94  55,56
15:24:07  38,56  37,62  55,56
15:24:12  38,12  37,25  55,75
15:24:17  37,75  37,00  55,75
15:24:22  37,44  36,69  55,88
15:24:27  37,12  36,44  55,88
15:24:32  36,88  36,25  56,00
15:24:37  36,69  36,06  56,00
15:24:42  36,50  35,88  56,12
15:24:47  36,38  35,75  56,12
15:24:52  36,19  35,62  56,25
15:24:57  36,19  35,62  56,25
15:25:02  36,06  35,50  56,25
15:25:08  36,06  35,50  56,38
15:25:13  36,06  35,38  56,38
15:25:18  36,06  35,38  56,50
15:25:23  35,94  35,38  56,50
15:25:28  35,94  35,25  56,50
15:25:33  35,94  35,25  56,62
15:25:38  35,94  35,25  56,62
15:25:43  35,81  35,25  56,62
15:25:48  35,81  35,12  56,62
15:25:53  35,81  35,12  56,75
15:25:58  35,69  35,12  56,75
15:26:03  35,69  35,00  56,75
15:26:08  35,69  35,00  56,75
15:26:13  35,56  35,00  56,88
15:26:18  35,56  35,00  56,88
15:26:23  35,56  34,88  56,88
15:26:28  35,44  34,88  56,88
15:26:34  35,44  34,88  56,88
15:26:39  35,44  34,88  56,88
15:26:44  35,44  34,88  57,00
15:26:49  35,31  34,75  57,00
15:26:54  35,31  34,75  57,00
15:26:59  35,31  34,75  57,00
15:27:04  35,31  34,75  57,00
15:27:09  35,31  34,75  57,00
15:27:14  35,19  34,75  57,00
15:27:20  35,19  34,62  57,12
15:27:25  35,19  34,62  57,12
15:27:30  35,19  34,62  57,12
15:27:35  35,19  34,62  57,12
15:27:40  35,06  34,62  57,12
15:27:45  35,06  34,62  57,12
15:27:50  35,06  34,62  57,12
15:27:55  35,06  34,50  57,12
15:28:00  35,06  34,50  57,25
15:28:05  35,06  34,50  57,25
15:28:10  35,06  34,50  57,25
15:28:16  35,06  34,50  57,25
15:28:21  35,06  34,50  57,25
15:28:26  35,06  34,50  57,25
15:28:31  35,06  34,50  57,25
15:28:36  35,06  34,50  57,25
15:28:41  35,06  34,50  57,25
15:28:46  35,06  34,50  57,25
15:28:51  35,06  34,50  57,25
15:28:56  35,06  34,50  57,25
15:29:01  35,19  34,62  57,25
15:29:06  35,19  34,62  57,25
15:29:11  35,19  34,62  57,25
15:29:16  35,31  34,62  57,25
15:29:21  35,31  34,62  57,25
15:29:26  35,31  34,75  57,38
15:29:31  35,31  34,75  57,38
15:29:36  35,44  34,75  57,38
15:29:41  35,44  34,75  57,38
15:29:47  35,44  34,75  57,38
15:29:52  35,56  34,88  57,38
15:29:57  35,56  34,88  57,38
15:30:02  35,56  34,88  57,38
15:30:07  35,69  34,88  57,38
15:30:12  35,69  34,88  57,38
15:30:17  35,81  35,00  57,38
15:30:22  35,81  35,00  57,38
15:30:27  35,81  35,00  57,38
15:30:32  35,94  35,00  57,38
15:30:37  35,94  35,12  57,38
15:30:42  36,06  35,12  57,38
15:30:47  36,06  35,12  57,38
15:30:52  36,06  35,12  57,38
15:30:57  36,19  35,12  57,38
15:31:03  36,19  35,12  57,38
15:31:08  36,19  35,12  57,38
15:31:13  36,31  35,25  57,38
15:31:18  36,31  35,25  57,38
15:31:23  36,44  35,25  57,38
15:31:28  36,44  35,25  57,38
15:31:33  36,44  35,25  57,38
15:31:38  36,56  35,25  57,38
15:31:43  36,56  35,25  57,38
15:31:48  36,56  35,25  57,38
15:31:53  36,56  35,38  57,38
15:31:58  36,69  35,38  57,38
15:32:03  36,69  35,38  57,38
15:32:08  36,69  35,38  57,38
15:32:13  36,81  35,38  57,38
15:32:18  36,81  35,38  57,38
15:32:23  36,81  35,38  57,38
15:32:29  36,81  35,38  57,38
15:32:34  36,94  35,38  57,38
15:32:39  37,06  35,25  57,38
15:32:44  36,75  35,06  57,38
15:32:49  37,31  34,88  57,38
15:32:54  39,00  34,88  57,38
15:32:59  40,44  35,25  57,38
15:33:04  41,69  35,62  57,38
15:33:09  42,62  36,00  57,38
15:33:15  43,38  36,19  57,38
15:33:20  44,25  36,31  57,38
15:33:25  44,56  36,44  57,38
15:33:30  44,75  36,44  57,38
15:33:35  45,00  36,56  57,38
15:33:40  45,19  36,56  57,38
15:33:45  45,38  36,69  57,38
